2014-10-21-10-54 max_green  1 1 1 1 1 1 1 1  168.0 156.0 168.0 144.0 126.0 149.0 138.0 138.0  555.0 2 -7.2 25.5 100.0  Bulk:mppt_bulk  n n n n n n n n  0 0 0 0 0 0 0 0  []  {} 
2014-10-21-10-59 max_green  0 1 1 1 1 1 1 1  0 158.0 170.0 146.0 285.0 148.0 136.0 136.0  740.0 3 5.5 28.7 100.0  Absorb:solar_execess  o n n n c c c n  1 0 0 0 1 1 1 0  []  {} 
2014-10-21-11-04 max_green  1 1 1 1 0 0 0 1  288.0 300.0 276.0 144.0 0 0 0 139.0  1146.0 2 0.4 25.1 99.0  Bulk:mppt_bulk  n n n n n n n n  1 0 0 0 1 1 1 0  []  {} 
2014-10-21-11-09 max_green  1 1 1 1 0 0 0 1  283.0 295.0 271.0 141.0 0 0 0 140.0  646.0 2 -20.2 24.1 98.0  Bulk:mppt_bulk  n n n n n n n n  1 0 0 0 1 1 1 0  []  {} 
2014-10-21-11-14 max_green  0 0 1 1 1 1 0 1  0 0 285.0 148.0 276.0 299.0 0 138.0  1007.0 3 16.8 28.6 98.0  Absorb:solar_execess  o o n n c c n n  2 1 0 0 2 2 1 0  []  {} 
2014-10-21-11-19 max_green  1 1 1 1 0 0 0 1  285.0 297.0 273.0 142.0 0 0 0 139.0  916.0 2 -9.3 24.5 98.0  Bulk:mppt_bulk  n n n n n n n n  2 1 0 0 2 2 1 0  []  {} 
2014-10-21-11-24 max_green  0 1 1 1 1 0 0 1  0 290.0 278.0 145.0 287.0 0 0 138.0  994.0 2 6.4 25.4 97.0  Bulk:mppt_bulk  n n n n n n n n  2 1 0 0 2 2 1 0  []  {} 
2014-10-21-11-29 max_green  0 1 1 1 1 0 0 1  0 292.0 280.0 146.0 278.0 0 0 139.0  1120.0 2 10.0 28.3 98.0  Bulk:mppt_bulk  n n n n n n n n  2 1 0 0 2 2 1 0  []  {} 
2014-10-21-11-34 max_green  0 1 1 1 1 0 0 1  0 290.0 290.0 145.0 276.0 0 0 138.0  995.0 3 5.1 28.6 99.0  Absorb:solar_execess  o n n n c n n n  3 1 0 0 3 2 1 0  []  {} 
2014-10-21-11-39 max_green  1 1 1 1 0 0 0 1  288.0 300.0 276.0 144.0 0 0 0 139.0  1062.0 2 -2.9 25.2 98.0  Bulk:mppt_bulk  n n n n n n n n  3 1 0 0 3 2 1 0  []  {} 
2014-10-21-11-44 max_green  0 1 1 1 1 0 0 1  0 302.0 278.0 145.0 290.0 0 0 139.0  981.0 3 4.4 28.6 99.0  Absorb:solar_execess  o n n n n n n n  4 1 0 0 3 2 1 0  []  {} 
2014-10-21-11-49 max_green  1 1 1 1 1 0 0 1  166.0 285.0 273.0 142.0 127.0 0 0 139.0  931.0 2 -3.7 25.2 99.0  Bulk:mppt_bulk  n n n n n n n n  4 1 0 0 3 2 1 0  []  {} 
2014-10-21-11-54 max_green  0 1 1 1 1 0 0 1  0 290.0 290.0 145.0 276.0 0 0 138.0  979.0 3 4.2 28.8 98.0  Absorb:solar_execess  o n n n n n n n  5 1 0 0 3 2 1 0  []  {} 
2014-10-21-11-59 max_green  1 1 1 1 1 0 0 1  169.0 302.0 278.0 145.0 127.0 0 0 139.0  1170.0 3 3.9 28.8 99.0  Absorb:solar_execess  n n n n c n n c  5 1 0 0 4 2 1 1  []  {} 
2014-10-21-12-04 max_green  1 1 1 1 0 0 0 0  297.0 309.0 273.0 261.0 0 0 0 0  1222.0 2 -2.1 24.9 97.0  Bulk:mppt_bulk  n n n n n n n n  5 1 0 0 4 2 1 1  []  {} 
2014-10-21-12-09 max_green  0 0 1 1 1 1 0 0  0 0 280.0 268.0 287.0 310.0 0 0  829.0 3 6.8 28.6 97.0  Absorb:solar_execess  o n n n c n n n  6 1 0 0 5 2 1 1  [{'dest': 'compute3', 'src': 'compute2', 'vmid': 'b4e87df3-dfd9-439b-9468-8bcbf91733f0'}, {'dest': 'compute3', 'src': 'compute2', 'vmid': '14c93076-40bf-4cc3-a8e7-0bc45ef47d33'}]  {} 
2014-10-21-12-14 max_green  1 0 1 1 0 1 0 0  288.0 0 276.0 264.0 0 290.0 0 0  815.0 2 -7.3 25.0 97.0  Bulk:mppt_bulk  n n n n n n n n  6 1 0 0 5 2 1 1  []  {} 
2014-10-21-12-19 max_green  0 0 1 1 1 1 0 0  0 0 280.0 268.0 287.0 322.0 0 0  774.0 3 4.7 28.6 97.0  Absorb:solar_execess  o o n n c n n n  7 2 0 0 6 2 1 1  []  {} 
2014-10-21-12-24 max_green  1 1 1 1 0 1 0 0  288.0 156.0 276.0 264.0 0 152.0 0 0  1259.0 3 4.4 28.6 98.0  Absorb:solar_execess  n n n n n c n n  7 2 0 0 6 3 1 1  []  {} 
solar_fluctuate 2014-10-21-12-29 [14.89966442575134, 11.874342087037917, 13.74772708486752, 17.549928774784245] [284.0, 296.0, 277.0, 266.0] 254.0 ['compute2', 'compute3', 'compute1'] [7] [3]
solar_fluctuate 2014-10-21-12-34 [15.362291495737216, 18.788294228055936, 22.9128784747792, 18.275666882497067] [285.0, 296.0, 276.0, 265.0] 254.0 ['compute1', 'compute4', 'compute2'] [6, 3] [2, 7]
solar_fluctuate 2014-10-21-12-39 [18.439088914585774, 14.422205101855956, 23.62202362203543, 21.88606862823929] [285.0, 296.0, 276.0, 264.0] 252.0 ['compute2', 'compute1', 'compute4'] [] []
solar_fluctuate 2014-10-21-12-44 [18.0, 22.60530911091463, 16.941074346097416, 21.047565179849187] [285.0, 295.0, 277.0, 264.0] 289.0 ['compute3', 'compute1', 'compute4'] [5, 2] [1, 6]
solar_fluctuate 2014-10-21-12-49 [13.820274961085254, 20.445048300260872, 17.832554500127006, 13.527749258468683] [286.0, 295.0, 276.0, 264.0] 256.0 ['compute4', 'compute1', 'compute3'] [] []
solar_fluctuate 2014-10-21-12-54 [17.86057109949175, 21.93171219946131, 18.303005217723125, 12.041594578792296] [286.0, 295.0, 276.0, 264.0] 277.0 ['compute4', 'compute1', 'compute3'] [] []
solar_fluctuate 2014-10-21-12-59 [23.874672772626646, 15.874507866387544, 11.789826122551595, 22.0] [286.0, 295.0, 276.0, 263.0] 260.0 ['compute3', 'compute2', 'compute4'] [4, 1] [0, 5]
solar_fluctuate 2014-10-21-13-04 [23.40939982143925, 17.204650534085253, 24.269322199023193, 21.840329667841555] [286.0, 295.0, 275.0, 263.0] 234.0 ['compute2', 'compute4', 'compute1'] [0, 6] [4, 2]
solar_fluctuate 2014-10-21-13-09 [23.40939982143925, 24.145392935299274, 20.174241001832016, 12.0] [286.0, 294.0, 276.0, 264.0] 263.0 ['compute4', 'compute3', 'compute1'] [5, 2] [1, 6]
2014-10-21-13-14 max_green  1 0 1 1 0 1 0 0  288.0 0 276.0 264.0 0 292.0 0 0  918.0 2 -1.1 25.5 95.0  Bulk:mppt_bulk  n n n n n n n n  7 2 0 0 6 3 1 1  []  {} 
2014-10-21-13-19 max_green  0 0 1 1 1 1 0 0  0 0 278.0 266.0 278.0 301.0 0 0  849.0 3 6.4 28.6 96.0  Absorb:solar_execess  o o n n c n n n  8 3 0 0 7 3 1 1  []  {} 
2014-10-21-13-24 max_green  1 1 1 1 0 1 0 0  295.0 153.0 283.0 271.0 0 153.0 0 0  976.0 2 -6.9 25.0 95.0  Bulk:mppt_bulk  n n n n n n n n  8 3 0 0 7 3 1 1  []  {} 
2014-10-21-13-29 max_green  0 1 1 1 1 1 0 0  0 157.0 278.0 266.0 292.0 152.0 0 0  998.0 3 5.1 28.6 96.0  Absorb:solar_execess  o n n n n n n n  9 3 0 0 7 3 1 1  []  {} 
2014-10-21-13-34 max_green  1 1 1 1 1 1 0 0  168.0 156.0 276.0 264.0 128.0 152.0 0 0  652.0 3 -13.6 25.1 96.0  Absorb:solar_execess  n n n n n n n n  9 3 0 0 7 3 1 1  []  {} 
2014-10-21-13-39 max_green  1 1 1 1 1 1 0 0  169.0 157.0 278.0 266.0 128.0 152.0 0 0  1245.0 2 7.1 27.4 100.0  Bulk:mppt_bulk  n n n n n n n n  9 3 0 0 7 3 1 1  []  {} 
2014-10-21-13-44 max_green  1 1 1 1 1 1 0 0  166.0 154.0 273.0 273.0 128.0 152.0 0 0  456.0 2 -23.1 24.0 99.0  Bulk:mppt_bulk  n n n n n n n n  9 3 0 0 7 3 1 1  []  {} 
2014-10-21-13-49 max_green  0 0 0 1 1 1 1 0  0 0 0 268.0 276.0 299.0 276.0 0  565.0 3 7.2 28.7 100.0  Absorb:solar_execess  o o n n c n n n  10 4 0 0 8 3 1 1  []  {} 
2014-10-21-13-55 max_green  1 1 0 1 0 1 1 0  276.0 156.0 0 264.0 0 150.0 278.0 0  750.0 2 -3.4 25.0 99.0  Bulk:mppt_bulk  n n n n n n n n  10 4 0 0 8 3 1 1  []  {} 
2014-10-21-14-00 max_green  0 1 0 1 1 1 1 0  0 158.0 0 268.0 278.0 150.0 278.0 0  671.0 3 4.9 28.7 100.0  Absorb:solar_execess  o n n n n n n n  11 4 0 0 8 3 1 1  []  {} 
2014-10-21-14-05 max_green  1 1 0 1 1 1 1 0  169.0 157.0 0 266.0 127.0 150.0 278.0 0  858.0 3 4.5 28.6 100.0  Absorb:solar_execess  n n o n c n n n  11 4 1 0 9 3 1 1  []  {} 
2014-10-21-14-10 max_green  1 1 1 1 0 1 1 0  288.0 156.0 180.0 264.0 0 152.0 128.0 0  1162.0 3 4.3 28.6 100.0  Absorb:solar_execess  n n n n n c c n  11 4 1 0 9 4 2 1  []  {} 
2014-10-21-14-15 max_green  1 1 1 1 0 0 0 0  283.0 306.0 271.0 259.0 0 0 0 0  1066.0 2 -8.5 24.6 99.0  Bulk:mppt_bulk  n n n n n n n n  11 4 1 0 9 4 2 1  []  {} 
2014-10-21-14-20 max_green  0 0 0 1 1 1 1 0  0 0 0 266.0 287.0 287.0 276.0 0  522.0 3 6.7 28.7 100.0  Absorb:solar_execess  o o o n c c c n  12 5 2 0 10 5 3 1  []  {} 
2014-10-21-14-25 max_green  1 1 1 1 0 0 0 0  283.0 295.0 271.0 259.0 0 0 0 0  987.0 2 -11.1 24.5 99.0  Bulk:mppt_bulk  n n n n n n n n  12 5 2 0 10 5 3 1  []  {} 
2014-10-21-14-30 max_green  0 1 1 1 1 0 0 0  0 288.0 276.0 264.0 280.0 0 0 0  535.0 2 -16.1 24.2 98.0  Bulk:mppt_bulk  n n n n n n n n  12 5 2 0 10 5 3 1  []  {} 
2014-10-21-14-35 max_green  0 0 0 1 1 1 1 0  0 0 0 268.0 276.0 299.0 276.0 0  594.0 3 10.1 26.9 98.0  Absorb:solar_execess  o n n n n n n n  13 5 2 0 10 5 3 1  []  {} 
2014-10-21-14-40 max_green  1 0 0 1 1 1 1 0  169.0 0 0 266.0 127.0 290.0 278.0 0  383.0 2 -5.0 25.1 98.0  Bulk:mppt_bulk  n n n n n n n n  13 5 2 0 10 5 3 1  []  {} 
2014-10-21-14-45 max_green  0 0 0 0 1 1 1 1  0 0 0 0 273.0 296.0 273.0 262.0  226.0 3 7.1 28.7 99.0  Absorb:solar_execess  o n n n c n n n  14 5 2 0 11 5 3 1  []  {} 
2014-10-21-14-50 max_green  1 0 0 0 0 1 1 1  297.0 0 0 0 0 299.0 276.0 264.0  426.0 2 3.0 26.2 100.0  Bulk:mppt_bulk  n n n n n n n n  14 5 2 0 11 5 3 1  []  {} 
2014-10-21-14-55 max_green  1 0 0 0 0 1 1 1  292.0 0 0 0 0 310.0 276.0 253.0  409.0 2 2.5 26.0 100.0  Bulk:mppt_bulk  n n n n n n n n  14 5 2 0 11 5 3 1  []  {} 
2014-10-21-15-00 max_green  1 0 0 0 0 1 1 1  297.0 0 0 0 0 299.0 276.0 253.0  487.0 3 4.3 28.7 99.0  Absorb:solar_execess  n n n n n n n n  14 5 2 0 11 5 3 1  []  {} 
2014-10-21-15-05 max_green  1 0 0 0 0 1 1 1  280.0 0 0 0 0 299.0 276.0 264.0  476.0 3 4.3 28.7 100.0  Absorb:solar_execess  n o n n n n n n  14 6 2 0 11 5 3 1  []  {} 
2014-10-21-15-10 max_green  1 1 0 0 0 1 1 1  290.0 157.0 0 0 0 150.0 278.0 255.0  508.0 2 -0.9 25.7 99.0  Bulk:mppt_bulk  n n n n n n n n  14 6 2 0 11 5 3 1  []  {} 
2014-10-21-15-15 max_green  0 1 0 0 1 1 1 1  0 158.0 0 0 287.0 149.0 276.0 264.0  338.0 3 4.1 28.7 100.0  Absorb:solar_execess  o n n n c n n n  15 6 2 0 12 5 3 1  []  {} 
2014-10-21-15-20 max_green  1 1 0 0 0 1 1 1  278.0 157.0 0 0 0 149.0 276.0 253.0  434.0 2 -3.2 25.4 100.0  Bulk:mppt_bulk  n n n n n n n n  15 6 2 0 12 5 3 1  []  {} 
2014-10-21-15-25 max_green  0 1 0 0 1 1 1 1  0 157.0 0 0 285.0 148.0 273.0 262.0  335.0 3 4.1 28.8 100.0  Absorb:solar_execess  o n n n n n n n  16 6 2 0 12 5 3 1  []  {} 
2014-10-21-15-30 max_green  1 1 0 0 1 1 1 1  170.0 158.0 0 0 126.0 149.0 276.0 264.0  528.0 3 4.1 28.7 99.0  Absorb:solar_execess  n n n n c n n n  16 6 2 0 13 5 3 1  []  {} 
2014-10-21-15-35 max_green  1 1 0 0 0 1 1 1  290.0 157.0 0 0 0 150.0 278.0 266.0  456.0 2 -2.4 25.1 99.0  Bulk:mppt_bulk  n n n n n n n n  16 6 2 0 13 5 3 1  []  {} 
2014-10-21-15-40 max_green  0 1 0 0 1 1 1 1  0 154.0 0 0 276.0 149.0 276.0 264.0  117.0 3 4.3 28.8 100.0  Absorb:solar_execess  o n n n c n n n  17 6 2 0 14 5 3 1  []  {} 
2014-10-21-15-45 max_green  1 1 0 0 0 1 1 1  297.0 154.0 0 0 0 150.0 278.0 255.0  527.0 2 3.2 26.7 100.0  Bulk:mppt_bulk  n n n n n n n n  17 6 2 0 14 5 3 1  []  {} 
2014-10-21-15-50 max_green  1 1 0 0 0 1 1 1  285.0 154.0 0 0 0 150.0 278.0 255.0  352.0 2 3.1 26.7 100.0  Bulk:mppt_bulk  n n n n n n n n  17 6 2 0 14 5 3 1  []  {} 
2014-10-21-15-55 max_green  1 1 0 0 0 1 1 1  283.0 153.0 0 0 0 150.0 278.0 255.0  365.0 2 2.8 26.9 100.0  Bulk:mppt_bulk  n n n n n n n n  17 6 2 0 14 5 3 1  []  {} 
2014-10-21-16-00 max_green  1 1 0 0 0 1 1 1  285.0 154.0 0 0 0 150.0 278.0 255.0  375.0 2 3.3 26.7 100.0  Bulk:mppt_bulk  n n n n n n n n  17 6 2 0 14 5 3 1  []  {} 
2014-10-21-16-05 max_green  1 1 0 0 0 1 1 1  285.0 154.0 0 0 0 150.0 278.0 255.0  532.0 2 3.0 26.8 100.0  Bulk:mppt_bulk  n n n n n n n n  17 6 2 0 14 5 3 1  []  {} 
2014-10-21-16-10 max_green  1 1 0 0 0 1 1 1  285.0 154.0 0 0 0 150.0 278.0 255.0  371.0 2 3.0 26.9 100.0  Bulk:mppt_bulk  n n n n n n n n  17 6 2 0 14 5 3 1  []  {} 
2014-10-21-16-15 max_green  1 1 0 0 0 1 1 1  285.0 154.0 0 0 0 150.0 278.0 266.0  818.0 2 3.0 26.9 99.0  Bulk:mppt_bulk  n n n n n n n n  17 6 2 0 14 5 3 1  []  {} 
2014-10-21-16-20 max_green  1 1 0 0 0 1 1 1  297.0 154.0 0 0 0 150.0 278.0 255.0  308.0 2 2.7 26.8 100.0  Bulk:mppt_bulk  n n n n n n n n  17 6 2 0 14 5 3 1  []  {} 
2014-10-21-16-25 max_green  1 1 0 0 0 1 1 1  285.0 154.0 0 0 0 150.0 278.0 255.0  508.0 2 2.8 26.8 100.0  Bulk:mppt_bulk  n n n n n n n n  17 6 2 0 14 5 3 1  []  {} 
2014-10-21-16-30 max_green  1 1 0 0 0 1 1 1  285.0 154.0 0 0 0 150.0 278.0 255.0  352.0 2 -0.7 26.0 100.0  Bulk:mppt_bulk  n n n n n n n n  17 6 2 0 14 5 3 1  []  {} 
2014-10-21-16-35 max_green  0 1 0 0 1 1 1 1  0 156.0 0 0 276.0 149.0 276.0 264.0  242.0 2 1.1 25.8 100.0  Bulk:mppt_bulk  n n n n n n n n  17 6 2 0 14 5 3 1  []  {} 
2014-10-21-16-40 max_green  0 1 0 0 1 1 1 1  0 156.0 0 0 287.0 149.0 276.0 264.0  309.0 2 0.0 25.8 100.0  Bulk:mppt_bulk  n n n n n n n n  17 6 2 0 14 5 3 1  []  {} 
2014-10-21-16-45 max_green  0 0 0 0 1 1 1 1  0 0 0 0 285.0 296.0 273.0 262.0  613.0 2 1.1 25.9 100.0  Bulk:mppt_bulk  n n n n n n n n  17 6 2 0 14 5 3 1  []  {} 
2014-10-21-16-50 max_green  0 0 0 0 1 1 1 1  0 0 0 0 285.0 296.0 273.0 262.0  779.0 2 0.4 25.8 100.0  Bulk:mppt_bulk  n n n n n n n n  17 6 2 0 14 5 3 1  []  {} 
2014-10-21-16-55 max_green  0 0 0 0 1 1 1 1  0 0 0 0 285.0 296.0 273.0 262.0  618.0 2 2.3 26.0 100.0  Bulk:mppt_bulk  n n n n n n n n  17 6 2 0 14 5 3 1  []  {} 
2014-10-21-17-00 max_green  0 0 0 0 1 1 1 1  0 0 0 0 285.0 296.0 273.0 262.0  567.0 2 0.5 25.7 100.0  Bulk:mppt_bulk  n n n n n n n n  17 6 2 0 14 5 3 1  []  {} 
2014-10-21-17-05 max_green  0 0 0 0 1 1 1 1  0 0 0 0 287.0 299.0 276.0 264.0  549.0 2 0.6 25.8 99.0  Bulk:mppt_bulk  n n n n n n n n  17 6 2 0 14 5 3 1  []  {} 
2014-10-21-17-10 max_green  0 0 0 0 1 1 1 1  0 0 0 0 299.0 299.0 276.0 264.0  495.0 2 0.4 25.7 100.0  Bulk:mppt_bulk  n n n n n n n n  17 6 2 0 14 5 3 1  []  {} 
2014-10-21-17-15 max_green  0 0 0 0 1 1 1 1  0 0 0 0 285.0 296.0 273.0 262.0  412.0 2 0.8 25.8 99.0  Bulk:mppt_bulk  n n n n n n n n  17 6 2 0 14 5 3 1  []  {} 
2014-10-21-17-21 max_green  0 0 0 0 1 1 1 1  0 0 0 0 285.0 307.0 273.0 262.0  394.0 2 0.2 25.8 99.0  Bulk:mppt_bulk  n n n n n n n n  17 6 2 0 14 5 3 1  []  {} 
2014-10-21-17-26 max_green  0 0 0 0 1 1 1 1  0 0 0 0 276.0 299.0 276.0 264.0  209.0 2 2.3 25.9 99.0  Bulk:mppt_bulk  n n n n n n n n  17 6 2 0 14 5 3 1  []  {} 
2014-10-21-17-31 max_green  0 0 0 0 1 1 1 1  0 0 0 0 287.0 299.0 276.0 264.0  139.0 2 1.7 26.0 100.0  Bulk:mppt_bulk  n n n n n n n n  17 6 2 0 14 5 3 1  []  {} 
2014-10-21-17-36 max_green  0 0 0 0 1 1 1 1  0 0 0 0 285.0 307.0 273.0 262.0  279.0 2 1.9 26.0 99.0  Bulk:mppt_bulk  n n n n n n n n  17 6 2 0 14 5 3 1  []  {} 
2014-10-21-17-41 max_green  0 0 0 0 1 1 1 1  0 0 0 0 285.0 296.0 273.0 262.0  348.0 2 0.7 25.8 99.0  Bulk:mppt_bulk  n n n n n n n n  17 6 2 0 14 5 3 1  []  {} 
2014-10-21-17-46 max_green  0 0 0 0 1 1 1 1  0 0 0 0 276.0 299.0 276.0 264.0  301.0 2 0.8 25.8 99.0  Bulk:mppt_bulk  n n n n n n n n  17 6 2 0 14 5 3 1  []  {} 
2014-10-21-17-51 max_green  0 0 0 0 1 1 1 1  0 0 0 0 276.0 287.0 276.0 264.0  260.0 2 0.7 25.8 100.0  Bulk:mppt_bulk  n n n n n n n n  17 6 2 0 14 5 3 1  []  {} 
2014-10-21-17-56 max_green  0 0 0 0 1 1 1 1  0 0 0 0 276.0 287.0 276.0 253.0  172.0 2 0.7 25.7 100.0  Bulk:mppt_bulk  n n n n n n n n  17 6 2 0 14 5 3 1  []  {} 
2014-10-21-18-01 max_green  0 0 0 0 1 1 1 1  0 0 0 0 287.0 287.0 276.0 253.0  120.0 2 0.7 25.7 99.0  Bulk:mppt_bulk  n n n n n n n n  17 6 2 0 14 5 3 1  []  {} 
2014-10-21-18-06 max_green  0 0 0 0 1 1 1 1  0 0 0 0 278.0 301.0 278.0 255.0  79.0 2 0.9 25.8 100.0  Bulk:mppt_bulk  n n n n n n n n  17 6 2 0 14 5 3 1  []  {} 
2014-10-21-18-11 max_green  0 0 0 0 1 1 1 1  0 0 0 0 276.0 287.0 276.0 253.0  88.0 2 1.2 25.9 100.0  Bulk:mppt_bulk  n n n n n n n n  17 6 2 0 14 5 3 1  []  {} 
2014-10-21-18-16 max_green  0 0 0 0 1 1 1 1  0 0 0 0 276.0 299.0 276.0 253.0  25.0 2 0.6 25.8 100.0  Bulk:mppt_bulk  n n n n n n n n  17 6 2 0 14 5 3 1  []  {} 
2014-10-21-18-21 max_green  0 0 0 0 1 1 1 1  0 0 0 0 278.0 290.0 278.0 255.0  20.0 2 0.8 25.7 100.0  Bulk:mppt_bulk  n n n n n n n n  17 6 2 0 14 5 3 1  []  {} 
2014-10-21-18-26 max_green  0 0 0 0 1 1 1 1  0 0 0 0 287.0 299.0 276.0 253.0  38.0 2 0.6 25.7 100.0  Bulk:mppt_bulk  n n n n n n n n  17 6 2 0 14 5 3 1  []  {} 
2014-10-21-18-31 max_green  0 0 0 0 1 1 1 1  0 0 0 0 276.0 287.0 276.0 253.0  35.0 2 0.5 25.7 100.0  Bulk:mppt_bulk  n n n n n n n n  17 6 2 0 14 5 3 1  []  {} 
2014-10-21-18-36 max_green  0 0 0 0 1 1 1 1  0 0 0 0 276.0 299.0 276.0 253.0  30.0 2 0.1 25.6 100.0  Bulk:mppt_bulk  n n n n n n n n  17 6 2 0 14 5 3 1  []  {} 
2014-10-21-18-41 max_green  0 0 0 0 1 1 1 1  0 0 0 0 276.0 310.0 276.0 253.0  25.0 2 -0.3 25.5 100.0  Bulk:mppt_bulk  n n n n n n n n  17 6 2 0 14 5 3 1  []  {} 
2014-10-21-18-46 max_green  0 0 0 0 1 1 1 1  0 0 0 0 276.0 287.0 276.0 264.0  20.0 2 -0.5 25.4 100.0  Bulk:mppt_bulk  n n n n n n n n  17 6 2 0 14 5 3 1  []  {} 
2014-10-21-18-51 max_green  0 0 0 0 1 1 1 1  0 0 0 0 276.0 299.0 276.0 264.0  15.0 2 -0.5 25.3 100.0  Bulk:mppt_bulk  n n n n n n n n  17 6 2 0 14 5 3 1  []  {} 
2014-10-21-18-56 max_green  0 0 0 0 1 1 1 1  0 0 0 0 276.0 299.0 276.0 264.0  0.0 0 -0.2 25.3 100.0  Silent  n n n n n n n n  17 6 2 0 14 5 3 1 
2014-10-21-19-01 max_green  0 0 0 0 1 1 1 1  0 0 0 0 287.0 299.0 276.0 264.0  0.0 0 -0.3 25.3 100.0  Silent  n n n n n n n n  17 6 2 0 14 5 3 1 
2014-10-21-19-06 max_green  0 0 0 0 1 1 1 1  0 0 0 0 276.0 299.0 276.0 264.0  0.0 0 -0.4 25.3 100.0  Silent  n n n n n n n n  17 6 2 0 14 5 3 1 
2014-10-21-19-11 max_green  0 0 0 0 1 1 1 1  0 0 0 0 287.0 299.0 276.0 264.0  0.0 0 -0.1 25.3 100.0  Silent  n n n n n n n n  17 6 2 0 14 5 3 1 
2014-10-21-19-16 max_green  0 0 0 0 1 1 1 1  0 0 0 0 287.0 299.0 276.0 264.0  0.0 0 -0.2 25.3 100.0  Silent  n n n n n n n n  17 6 2 0 14 5 3 1 
2014-10-21-19-21 max_green  0 0 0 0 1 1 1 1  0 0 0 0 276.0 310.0 276.0 264.0  0.0 0 0.0 25.2 100.0  Silent  n n n n n n n n  17 6 2 0 14 5 3 1 
2014-10-21-19-26 max_green  0 0 0 0 1 1 1 1  0 0 0 0 276.0 310.0 276.0 264.0  0.0 0 0.0 25.3 100.0  Silent  n n n n n n n n  17 6 2 0 14 5 3 1 
2014-10-21-19-31 max_green  0 0 0 0 1 1 1 1  0 0 0 0 276.0 299.0 276.0 264.0  0.0 0 -0.2 25.3 99.0  Silent  n n n n n n n n  17 6 2 0 14 5 3 1 
2014-10-21-19-36 max_green  0 0 0 0 1 1 1 1  0 0 0 0 287.0 310.0 276.0 264.0  0.0 0 -0.1 25.3 99.0  Silent  n n n n n n n n  17 6 2 0 14 5 3 1 
2014-10-21-19-41 max_green  0 0 0 0 1 1 1 1  0 0 0 0 287.0 299.0 276.0 264.0  0.0 0 0.0 25.3 99.0  Silent  n n n n n n n n  17 6 2 0 14 5 3 1 
2014-10-21-19-46 max_green  0 0 0 0 1 1 1 1  0 0 0 0 276.0 310.0 276.0 253.0  0.0 0 -0.1 25.3 99.0  Silent  n n n n n n n n  17 6 2 0 14 5 3 1 
2014-10-21-19-51 max_green  0 0 0 0 1 1 1 1  0 0 0 0 287.0 299.0 276.0 264.0  0.0 0 -0.3 25.2 99.0  Silent  n n n n n n n n  17 6 2 0 14 5 3 1 
2014-10-21-19-56 max_green  0 0 0 0 1 1 1 1  0 0 0 0 287.0 299.0 276.0 264.0  0.0 0 -0.3 25.3 99.0  Silent  n n n n n n n n  17 6 2 0 14 5 3 1 
2014-10-21-20-01 max_green  0 0 0 0 1 1 1 1  0 0 0 0 276.0 310.0 276.0 264.0  0.0 0 -0.3 25.3 99.0  Silent  n n n n n n n n  17 6 2 0 14 5 3 1 
2014-10-21-20-06 max_green  0 0 0 0 1 1 1 1  0 0 0 0 276.0 299.0 276.0 264.0  0.0 0 -0.3 25.3 99.0  Silent  n n n n n n n n  17 6 2 0 14 5 3 1 
2014-10-21-20-11 max_green  0 0 0 0 1 1 1 1  0 0 0 0 287.0 299.0 276.0 264.0  0.0 0 -0.1 25.3 99.0  Silent  n n n n n n n n  17 6 2 0 14 5 3 1 
2014-10-21-20-16 max_green  0 0 0 0 1 1 1 1  0 0 0 0 276.0 310.0 276.0 264.0  0.0 0 -0.4 25.3 99.0  Silent  n n n n n n n n  17 6 2 0 14 5 3 1 
2014-10-21-20-21 max_green  0 0 0 0 1 1 1 1  0 0 0 0 276.0 299.0 276.0 264.0  0.0 0 -0.3 25.2 99.0  Silent  n n n n n n n n  17 6 2 0 14 5 3 1 
2014-10-21-20-26 max_green  0 0 0 0 1 1 1 1  0 0 0 0 287.0 299.0 276.0 264.0  0.0 0 -0.4 25.3 99.0  Silent  n n n n n n n n  17 6 2 0 14 5 3 1 
2014-10-21-20-31 max_green  0 0 0 0 1 1 1 1  0 0 0 0 287.0 299.0 276.0 264.0  0.0 0 -0.4 25.2 99.0  Silent  n n n n n n n n  17 6 2 0 14 5 3 1 
2014-10-21-20-36 max_green  0 0 0 0 1 1 1 1  0 0 0 0 276.0 287.0 276.0 264.0  0.0 0 -0.4 25.3 99.0  Silent  n n n n n n n n  17 6 2 0 14 5 3 1 
2014-10-21-20-41 max_green  0 0 0 0 1 1 1 1  0 0 0 0 278.0 290.0 278.0 255.0  0.0 0 -0.6 25.2 99.0  Silent  n n n n n n n n  17 6 2 0 14 5 3 1 
2014-10-21-20-46 max_green  0 0 0 0 1 1 1 1  0 0 0 0 276.0 299.0 276.0 264.0  0.0 0 -0.4 25.2 99.0  Silent  n n n n n n n n  17 6 2 0 14 5 3 1 
2014-10-21-20-51 max_green  0 0 0 0 1 1 1 1  0 0 0 0 290.0 290.0 278.0 255.0  0.0 0 -0.5 25.2 99.0  Silent  n n n n n n n n  17 6 2 0 14 5 3 1 
2014-10-21-20-56 max_green  0 0 0 0 1 1 1 1  0 0 0 0 278.0 290.0 278.0 255.0  0.0 0 -0.5 25.2 99.0  Silent  n n n n n n n n  17 6 2 0 14 5 3 1 
2014-10-21-21-01 max_green  0 0 0 0 1 1 1 1  0 0 0 0 278.0 290.0 278.0 255.0  0.0 0 -0.5 25.2 99.0  Silent  n n n n n n n n  17 6 2 0 14 5 3 1 
2014-10-21-21-06 max_green  0 0 0 0 1 1 1 1  0 0 0 0 276.0 299.0 276.0 253.0  0.0 0 -0.5 25.2 99.0  Silent  n n n n n n n n  17 6 2 0 14 5 3 1 
2014-10-21-21-11 max_green  0 0 0 0 1 1 1 1  0 0 0 0 276.0 287.0 276.0 253.0  0.0 0 -0.6 25.2 99.0  Silent  n n n n n n n n  17 6 2 0 14 5 3 1 
2014-10-21-21-16 max_green  0 0 0 0 1 1 1 1  0 0 0 0 278.0 301.0 278.0 255.0  0.0 0 -0.6 25.2 99.0  Silent  n n n n n n n n  17 6 2 0 14 5 3 1 
2014-10-21-21-21 max_green  0 0 0 0 1 1 1 1  0 0 0 0 285.0 296.0 273.0 262.0  0.0 0 -0.7 25.2 99.0  Silent  n n n n n n n n  17 6 2 0 14 5 3 1 
2014-10-21-21-26 max_green  0 0 0 0 1 1 1 1  0 0 0 0 282.0 305.0 271.0 259.0  0.0 0 -0.7 25.2 99.0  Silent  n n n n n n n n  17 6 2 0 14 5 3 1 
2014-10-21-21-31 max_green  0 0 0 0 1 1 1 1  0 0 0 0 282.0 293.0 271.0 259.0  0.0 0 -0.2 25.2 99.0  Silent  n n n n n n n n  17 6 2 0 14 5 3 1 
2014-10-21-21-36 max_green  0 0 0 0 1 1 1 1  0 0 0 0 293.0 305.0 271.0 259.0  0.0 0 -0.2 25.2 99.0  Silent  n n n n n n n n  17 6 2 0 14 5 3 1 
2014-10-21-21-42 max_green  0 0 0 0 1 1 1 1  0 0 0 0 285.0 296.0 273.0 262.0  0.0 0 -0.2 25.2 99.0  Silent  n n n n n n n n  17 6 2 0 14 5 3 1 
2014-10-21-21-47 max_green  0 0 0 0 1 1 1 1  0 0 0 0 285.0 296.0 273.0 262.0  0.0 0 0.0 25.2 99.0  Silent  n n n n n n n n  17 6 2 0 14 5 3 1 
2014-10-21-21-52 max_green  0 0 0 0 1 1 1 1  0 0 0 0 285.0 296.0 273.0 262.0  0.0 0 -0.2 25.2 99.0  Silent  n n n n n n n n  17 6 2 0 14 5 3 1 
2014-10-21-21-57 max_green  0 0 0 0 1 1 1 1  0 0 0 0 285.0 296.0 273.0 262.0  0.0 0 -0.1 25.2 99.0  Silent  n n n n n n n n  17 6 2 0 14 5 3 1 
2014-10-21-22-02 max_green  0 0 0 0 1 1 1 1  0 0 0 0 285.0 296.0 273.0 262.0  0.0 0 -0.1 25.2 99.0  Silent  n n n n n n n n  17 6 2 0 14 5 3 1 
2014-10-21-22-07 max_green  0 0 0 0 1 1 1 1  0 0 0 0 285.0 296.0 273.0 262.0  0.0 0 0.0 25.2 99.0  Silent  n n n n n n n n  17 6 2 0 14 5 3 1 
2014-10-21-22-12 max_green  0 0 0 0 1 1 1 1  0 0 0 0 285.0 307.0 273.0 262.0  0.0 0 0.1 25.2 100.0  Silent  n n n n n n n n  17 6 2 0 14 5 3 1 
2014-10-21-22-17 max_green  0 0 0 0 1 1 1 1  0 0 0 0 282.0 293.0 271.0 259.0  0.0 0 0.1 25.2 100.0  Silent  n n n n n n n n  17 6 2 0 14 5 3 1 
2014-10-21-22-22 max_green  0 0 0 0 1 1 1 1  0 0 0 0 285.0 296.0 273.0 262.0  0.0 0 -0.3 25.2 100.0  Silent  n n n n n n n n  17 6 2 0 14 5 3 1 
2014-10-21-22-27 max_green  0 0 0 0 1 1 1 1  0 0 0 0 285.0 296.0 273.0 262.0  0.0 0 -0.3 25.2 100.0  Silent  n n n n n n n n  17 6 2 0 14 5 3 1 
2014-10-21-22-32 max_green  0 0 0 0 1 1 1 1  0 0 0 0 296.0 296.0 273.0 262.0  0.0 0 -0.3 25.2 100.0  Silent  n n n n n n n n  17 6 2 0 14 5 3 1 
2014-10-21-22-37 max_green  0 0 0 0 1 1 1 1  0 0 0 0 285.0 296.0 273.0 262.0  0.0 0 -0.3 25.2 100.0  Silent  n n n n n n n n  17 6 2 0 14 5 3 1 
2014-10-21-22-42 max_green  0 0 0 0 1 1 1 1  0 0 0 0 296.0 296.0 273.0 262.0  0.0 0 -0.2 25.2 100.0  Silent  n n n n n n n n  17 6 2 0 14 5 3 1 
2014-10-21-22-47 max_green  0 0 0 0 1 1 1 1  0 0 0 0 285.0 307.0 273.0 262.0  0.0 0 -0.1 25.2 100.0  Silent  n n n n n n n n  17 6 2 0 14 5 3 1 
2014-10-21-22-52 max_green  0 0 0 0 1 1 1 1  0 0 0 0 296.0 296.0 273.0 262.0  0.0 0 -0.1 25.1 100.0  Silent  n n n n n n n n  17 6 2 0 14 5 3 1 
2014-10-21-22-57 max_green  0 0 0 0 1 1 1 1  0 0 0 0 296.0 296.0 273.0 262.0  0.0 0 -0.4 25.2 99.0  Silent  n n n n n n n n  17 6 2 0 14 5 3 1 
2014-10-21-23-02 max_green  0 0 0 0 1 1 1 1  0 0 0 0 285.0 296.0 273.0 262.0  0.0 0 -0.4 25.2 99.0  Silent  n n n n n n n n  17 6 2 0 14 5 3 1 
2014-10-21-23-07 max_green  0 0 0 0 1 1 1 1  0 0 0 0 285.0 296.0 273.0 262.0  0.0 0 -0.3 25.1 99.0  Silent  n n n n n n n n  17 6 2 0 14 5 3 1 
2014-10-21-23-12 max_green  0 0 0 0 1 1 1 1  0 0 0 0 285.0 296.0 273.0 262.0  0.0 0 -0.4 25.2 99.0  Silent  n n n n n n n n  17 6 2 0 14 5 3 1 
2014-10-21-23-17 max_green  0 0 0 0 1 1 1 1  0 0 0 0 285.0 307.0 273.0 262.0  0.0 0 -0.2 25.2 99.0  Silent  n n n n n n n n  17 6 2 0 14 5 3 1 
2014-10-21-23-22 max_green  0 0 0 0 1 1 1 1  0 0 0 0 285.0 296.0 273.0 262.0  0.0 0 -0.3 25.2 99.0  Silent  n n n n n n n n  17 6 2 0 14 5 3 1 
2014-10-21-23-27 max_green  0 0 0 0 1 1 1 1  0 0 0 0 285.0 307.0 273.0 262.0  0.0 0 -0.3 25.2 99.0  Silent  n n n n n n n n  17 6 2 0 14 5 3 1 
2014-10-21-23-32 max_green  0 0 0 0 1 1 1 1  0 0 0 0 285.0 307.0 273.0 262.0  0.0 0 -0.2 25.2 99.0  Silent  n n n n n n n n  17 6 2 0 14 5 3 1 
2014-10-21-23-37 max_green  0 0 0 0 1 1 1 1  0 0 0 0 285.0 296.0 273.0 262.0  0.0 0 -0.2 25.2 99.0  Silent  n n n n n n n n  17 6 2 0 14 5 3 1 
2014-10-21-23-42 max_green  0 0 0 0 1 1 1 1  0 0 0 0 285.0 307.0 273.0 262.0  0.0 0 -0.4 25.2 99.0  Silent  n n n n n n n n  17 6 2 0 14 5 3 1 
2014-10-21-23-47 max_green  0 0 0 0 1 1 1 1  0 0 0 0 285.0 296.0 273.0 262.0  0.0 0 -0.4 25.2 99.0  Silent  n n n n n n n n  17 6 2 0 14 5 3 1 
2014-10-21-23-52 max_green  0 0 0 0 1 1 1 1  0 0 0 0 285.0 307.0 273.0 262.0  0.0 0 -0.4 25.2 99.0  Silent  n n n n n n n n  17 6 2 0 14 5 3 1 
2014-10-21-23-57 max_green  0 0 0 0 1 1 1 1  0 0 0 0 285.0 307.0 273.0 262.0  0.0 0 -0.4 25.2 99.0  Silent  n n n n n n n n  17 6 2 0 14 5 3 1 
2014-10-22-00-02 max_green  0 0 0 0 1 1 1 1  0 0 0 0 285.0 296.0 273.0 262.0  0.0 0 -0.3 25.2 99.0  Silent  n n n n n n n n  17 6 2 0 14 5 3 1 
2014-10-22-00-07 max_green  0 0 0 0 1 1 1 1  0 0 0 0 285.0 296.0 273.0 262.0  0.0 0 -0.4 25.2 99.0  Silent  n n n n n n n n  17 6 2 0 14 5 3 1 
2014-10-22-00-12 max_green  0 0 0 0 1 1 1 1  0 0 0 0 285.0 307.0 273.0 262.0  0.0 0 -0.7 25.2 99.0  Silent  n n n n n n n n  17 6 2 0 14 5 3 1 
2014-10-22-00-17 max_green  0 0 0 0 1 1 1 1  0 0 0 0 287.0 299.0 276.0 264.0  0.0 0 -0.6 25.2 99.0  Silent  n n n n n n n n  17 6 2 0 14 5 3 1 
2014-10-22-00-22 max_green  0 0 0 0 1 1 1 1  0 0 0 0 276.0 299.0 276.0 264.0  0.0 0 -0.7 25.1 99.0  Silent  n n n n n n n n  17 6 2 0 14 5 3 1 
2014-10-22-00-27 max_green  0 0 0 0 1 1 1 1  0 0 0 0 285.0 296.0 273.0 262.0  0.0 0 -0.7 25.2 99.0  Silent  n n n n n n n n  17 6 2 0 14 5 3 1 
2014-10-22-00-32 max_green  0 0 0 0 1 1 1 1  0 0 0 0 287.0 310.0 276.0 264.0  0.0 0 -0.8 25.1 99.0  Silent  n n n n n n n n  17 6 2 0 14 5 3 1 
2014-10-22-00-37 max_green  0 0 0 0 1 1 1 1  0 0 0 0 273.0 296.0 273.0 262.0  0.0 0 -0.3 25.1 99.0  Silent  n n n n n n n n  17 6 2 0 14 5 3 1 
2014-10-22-00-42 max_green  0 0 0 0 1 1 1 1  0 0 0 0 273.0 307.0 273.0 262.0  0.0 0 -0.3 25.1 99.0  Silent  n n n n n n n n  17 6 2 0 14 5 3 1 
2014-10-22-00-47 max_green  0 0 0 0 1 1 1 1  0 0 0 0 276.0 299.0 276.0 264.0  0.0 0 -0.4 25.1 99.0  Silent  n n n n n n n n  17 6 2 0 14 5 3 1 
2014-10-22-00-52 max_green  0 0 0 0 1 1 1 1  0 0 0 0 276.0 299.0 276.0 264.0  0.0 0 -0.3 25.1 99.0  Silent  n n n n n n n n  17 6 2 0 14 5 3 1 
2014-10-22-00-57 max_green  0 0 0 0 1 1 1 1  0 0 0 0 285.0 296.0 273.0 262.0  0.0 0 -0.3 25.1 99.0  Silent  n n n n n n n n  17 6 2 0 14 5 3 1 
2014-10-22-01-02 max_green  0 0 0 0 1 1 1 1  0 0 0 0 273.0 296.0 273.0 262.0  0.0 0 -0.2 25.1 99.0  Silent  n n n n n n n n  17 6 2 0 14 5 3 1 
2014-10-22-01-07 max_green  0 0 0 0 1 1 1 1  0 0 0 0 287.0 322.0 276.0 264.0  0.0 0 -0.6 25.1 99.0  Silent  n n n n n n n n  17 6 2 0 14 5 3 1 
2014-10-22-01-12 max_green  0 0 0 0 1 1 1 1  0 0 0 0 285.0 296.0 273.0 262.0  0.0 0 -0.4 25.1 99.0  Silent  n n n n n n n n  17 6 2 0 14 5 3 1 
2014-10-22-01-17 max_green  0 0 0 0 1 1 1 1  0 0 0 0 273.0 296.0 273.0 262.0  0.0 0 -0.6 25.1 99.0  Silent  n n n n n n n n  17 6 2 0 14 5 3 1 
2014-10-22-01-22 max_green  0 0 0 0 1 1 1 1  0 0 0 0 285.0 296.0 273.0 262.0  0.0 0 -0.3 25.1 99.0  Silent  n n n n n n n n  17 6 2 0 14 5 3 1 
2014-10-22-01-27 max_green  0 0 0 0 1 1 1 1  0 0 0 0 285.0 296.0 273.0 262.0  0.0 0 -0.2 25.1 99.0  Silent  n n n n n n n n  17 6 2 0 14 5 3 1 
2014-10-22-01-32 max_green  0 0 0 0 1 1 1 1  0 0 0 0 273.0 296.0 273.0 262.0  0.0 0 -0.1 25.1 99.0  Silent  n n n n n n n n  17 6 2 0 14 5 3 1 
2014-10-22-01-37 max_green  0 0 0 0 1 1 1 1  0 0 0 0 285.0 307.0 273.0 262.0  0.0 0 -0.3 25.1 99.0  Silent  n n n n n n n n  17 6 2 0 14 5 3 1 
2014-10-22-01-42 max_green  0 0 0 0 1 1 1 1  0 0 0 0 285.0 296.0 273.0 262.0  0.0 0 -0.3 25.1 99.0  Silent  n n n n n n n n  17 6 2 0 14 5 3 1 
2014-10-22-01-47 max_green  0 0 0 0 1 1 1 1  0 0 0 0 287.0 299.0 276.0 264.0  0.0 0 -0.3 25.1 99.0  Silent  n n n n n n n n  17 6 2 0 14 5 3 1 
2014-10-22-01-52 max_green  0 0 0 0 1 1 1 1  0 0 0 0 287.0 299.0 276.0 253.0  0.0 0 -0.3 25.1 99.0  Silent  n n n n n n n n  17 6 2 0 14 5 3 1 
2014-10-22-01-57 max_green  0 0 0 0 1 1 1 1  0 0 0 0 287.0 299.0 276.0 264.0  0.0 0 -0.3 25.1 99.0  Silent  n n n n n n n n  17 6 2 0 14 5 3 1 
2014-10-22-02-02 max_green  0 0 0 0 1 1 1 1  0 0 0 0 287.0 299.0 276.0 264.0  0.0 0 -0.3 25.1 99.0  Silent  n n n n n n n n  17 6 2 0 14 5 3 1 
2014-10-22-02-07 max_green  0 0 0 0 1 1 1 1  0 0 0 0 276.0 299.0 276.0 264.0  0.0 0 -0.3 25.1 98.0  Silent  n n n n n n n n  17 6 2 0 14 5 3 1 
2014-10-22-02-13 max_green  0 0 0 0 1 1 1 1  0 0 0 0 287.0 299.0 276.0 264.0  0.0 0 -0.1 25.1 98.0  Silent  n n n n n n n n  17 6 2 0 14 5 3 1 
2014-10-22-02-18 max_green  0 0 0 0 1 1 1 1  0 0 0 0 287.0 299.0 276.0 264.0  0.0 0 -0.2 25.1 98.0  Silent  n n n n n n n n  17 6 2 0 14 5 3 1 
2014-10-22-02-23 max_green  0 0 0 0 1 1 1 1  0 0 0 0 287.0 299.0 276.0 264.0  0.0 0 -0.1 25.1 98.0  Silent  n n n n n n n n  17 6 2 0 14 5 3 1 
2014-10-22-02-28 max_green  0 0 0 0 1 1 1 1  0 0 0 0 276.0 299.0 276.0 264.0  0.0 0 -0.2 25.1 98.0  Silent  n n n n n n n n  17 6 2 0 14 5 3 1 
2014-10-22-02-33 max_green  0 0 0 0 1 1 1 1  0 0 0 0 287.0 299.0 276.0 264.0  0.0 0 0.0 25.1 98.0  Silent  n n n n n n n n  17 6 2 0 14 5 3 1 
2014-10-22-02-38 max_green  0 0 0 0 1 1 1 1  0 0 0 0 287.0 299.0 276.0 264.0  0.0 0 -0.2 25.1 98.0  Silent  n n n n n n n n  17 6 2 0 14 5 3 1 
2014-10-22-02-43 max_green  0 0 0 0 1 1 1 1  0 0 0 0 287.0 287.0 276.0 264.0  0.0 0 -0.1 25.1 98.0  Silent  n n n n n n n n  17 6 2 0 14 5 3 1 
2014-10-22-02-48 max_green  0 0 0 0 1 1 1 1  0 0 0 0 276.0 287.0 276.0 253.0  0.0 0 -0.2 25.1 98.0  Silent  n n n n n n n n  17 6 2 0 14 5 3 1 
2014-10-22-02-53 max_green  0 0 0 0 1 1 1 1  0 0 0 0 276.0 299.0 276.0 264.0  0.0 0 -0.2 25.1 98.0  Silent  n n n n n n n n  17 6 2 0 14 5 3 1 
2014-10-22-02-58 max_green  0 0 0 0 1 1 1 1  0 0 0 0 276.0 299.0 276.0 264.0  0.0 0 0.0 25.1 98.0  Silent  n n n n n n n n  17 6 2 0 14 5 3 1 
2014-10-22-03-03 max_green  0 0 0 0 1 1 1 1  0 0 0 0 276.0 299.0 276.0 264.0  0.0 0 0.0 25.1 98.0  Silent  n n n n n n n n  17 6 2 0 14 5 3 1 
2014-10-22-03-08 max_green  0 0 0 0 1 1 1 1  0 0 0 0 287.0 299.0 276.0 264.0  0.0 0 0.1 25.1 98.0  Silent  n n n n n n n n  17 6 2 0 14 5 3 1 
2014-10-22-03-13 max_green  0 0 0 0 1 1 1 1  0 0 0 0 287.0 287.0 276.0 264.0  0.0 0 -0.3 25.1 98.0  Silent  n n n n n n n n  17 6 2 0 14 5 3 1 
2014-10-22-03-18 max_green  0 0 0 0 1 1 1 1  0 0 0 0 276.0 299.0 276.0 264.0  0.0 0 -0.3 25.1 98.0  Silent  n n n n n n n n  17 6 2 0 14 5 3 1 
2014-10-22-03-23 max_green  0 0 0 0 1 1 1 1  0 0 0 0 276.0 299.0 276.0 264.0  0.0 0 -0.3 25.1 98.0  Silent  n n n n n n n n  17 6 2 0 14 5 3 1 
2014-10-22-03-28 max_green  0 0 0 0 1 1 1 1  0 0 0 0 276.0 299.0 276.0 264.0  0.0 0 -0.3 25.1 98.0  Silent  n n n n n n n n  17 6 2 0 14 5 3 1 
2014-10-22-03-33 max_green  0 0 0 0 1 1 1 1  0 0 0 0 287.0 299.0 276.0 264.0  0.0 0 -0.2 25.1 98.0  Silent  n n n n n n n n  17 6 2 0 14 5 3 1 
2014-10-22-03-38 max_green  0 0 0 0 1 1 1 1  0 0 0 0 287.0 310.0 276.0 253.0  0.0 0 -0.3 25.1 98.0  Silent  n n n n n n n n  17 6 2 0 14 5 3 1 
2014-10-22-03-43 max_green  0 0 0 0 1 1 1 1  0 0 0 0 276.0 299.0 276.0 264.0  0.0 0 -0.3 25.1 98.0  Silent  n n n n n n n n  17 6 2 0 14 5 3 1 
2014-10-22-03-48 max_green  0 0 0 0 1 1 1 1  0 0 0 0 278.0 301.0 278.0 266.0  0.0 0 -0.1 25.1 98.0  Silent  n n n n n n n n  17 6 2 0 14 5 3 1 
2014-10-22-03-53 max_green  0 0 0 0 1 1 1 1  0 0 0 0 276.0 299.0 276.0 264.0  0.0 0 -0.1 25.0 98.0  Silent  n n n n n n n n  17 6 2 0 14 5 3 1 
2014-10-22-03-58 max_green  0 0 0 0 1 1 1 1  0 0 0 0 287.0 299.0 276.0 264.0  0.0 0 -0.3 25.1 98.0  Silent  n n n n n n n n  17 6 2 0 14 5 3 1 
2014-10-22-04-03 max_green  0 0 0 0 1 1 1 1  0 0 0 0 276.0 299.0 276.0 264.0  0.0 0 -0.3 25.1 98.0  Silent  n n n n n n n n  17 6 2 0 14 5 3 1 
2014-10-22-04-08 max_green  0 0 0 0 1 1 1 1  0 0 0 0 287.0 310.0 276.0 264.0  0.0 0 -0.4 25.1 98.0  Silent  n n n n n n n n  17 6 2 0 14 5 3 1 
2014-10-22-04-13 max_green  0 0 0 0 1 1 1 1  0 0 0 0 276.0 299.0 276.0 264.0  0.0 0 -0.4 25.1 98.0  Silent  n n n n n n n n  17 6 2 0 14 5 3 1 
2014-10-22-04-18 max_green  0 0 0 0 1 1 1 1  0 0 0 0 276.0 299.0 276.0 264.0  0.0 0 -0.6 25.1 98.0  Silent  n n n n n n n n  17 6 2 0 14 5 3 1 
2014-10-22-04-23 max_green  0 0 0 0 1 1 1 1  0 0 0 0 287.0 299.0 276.0 264.0  0.0 0 -0.7 25.1 98.0  Silent  n n n n n n n n  17 6 2 0 14 5 3 1 
2014-10-22-04-28 max_green  0 0 0 0 1 1 1 1  0 0 0 0 276.0 299.0 276.0 264.0  0.0 0 -0.3 25.1 98.0  Silent  n n n n n n n n  17 6 2 0 14 5 3 1 
2014-10-22-04-33 max_green  0 0 0 0 1 1 1 1  0 0 0 0 276.0 299.0 276.0 253.0  0.0 0 -0.2 25.0 98.0  Silent  n n n n n n n n  17 6 2 0 14 5 3 1 
2014-10-22-04-38 max_green  0 0 0 0 1 1 1 1  0 0 0 0 276.0 299.0 276.0 253.0  0.0 0 -0.4 25.0 98.0  Silent  n n n n n n n n  17 6 2 0 14 5 3 1 
2014-10-22-04-43 max_green  0 0 0 0 1 1 1 1  0 0 0 0 276.0 287.0 276.0 253.0  0.0 0 -0.4 25.1 98.0  Silent  n n n n n n n n  17 6 2 0 14 5 3 1 
2014-10-22-04-48 max_green  0 0 0 0 1 1 1 1  0 0 0 0 276.0 299.0 276.0 264.0  0.0 0 -0.4 25.1 98.0  Silent  n n n n n n n n  17 6 2 0 14 5 3 1 
2014-10-22-04-53 max_green  0 0 0 0 1 1 1 1  0 0 0 0 276.0 287.0 276.0 264.0  0.0 0 -0.5 25.1 98.0  Silent  n n n n n n n n  17 6 2 0 14 5 3 1 
2014-10-22-04-58 max_green  0 0 0 0 1 1 1 1  0 0 0 0 287.0 287.0 276.0 253.0  0.0 0 -0.4 25.1 98.0  Silent  n n n n n n n n  17 6 2 0 14 5 3 1 
2014-10-22-05-03 max_green  0 0 0 0 1 1 1 1  0 0 0 0 276.0 299.0 276.0 264.0  0.0 0 -0.4 25.0 98.0  Silent  n n n n n n n n  17 6 2 0 14 5 3 1 
2014-10-22-05-08 max_green  0 0 0 0 1 1 1 1  0 0 0 0 276.0 299.0 276.0 264.0  0.0 0 -0.5 25.0 98.0  Silent  n n n n n n n n  17 6 2 0 14 5 3 1 
2014-10-22-05-13 max_green  0 0 0 0 1 1 1 1  0 0 0 0 276.0 310.0 276.0 253.0  0.0 0 -0.4 25.1 98.0  Silent  n n n n n n n n  17 6 2 0 14 5 3 1 
2014-10-22-05-18 max_green  0 0 0 0 1 1 1 1  0 0 0 0 276.0 299.0 276.0 264.0  0.0 0 -0.4 25.1 98.0  Silent  n n n n n n n n  17 6 2 0 14 5 3 1 
2014-10-22-05-23 max_green  0 0 0 0 1 1 1 1  0 0 0 0 287.0 299.0 276.0 264.0  0.0 0 -0.4 25.1 98.0  Silent  n n n n n n n n  17 6 2 0 14 5 3 1 
2014-10-22-05-28 max_green  0 0 0 0 1 1 1 1  0 0 0 0 287.0 299.0 276.0 264.0  0.0 0 -0.4 25.1 98.0  Silent  n n n n n n n n  17 6 2 0 14 5 3 1 
2014-10-22-05-33 max_green  0 0 0 0 1 1 1 1  0 0 0 0 276.0 299.0 276.0 264.0  0.0 0 -0.4 25.1 98.0  Silent  n n n n n n n n  17 6 2 0 14 5 3 1 
2014-10-22-05-38 max_green  0 0 0 0 1 1 1 1  0 0 0 0 287.0 310.0 276.0 264.0  0.0 0 -0.3 25.1 98.0  Silent  n n n n n n n n  17 6 2 0 14 5 3 1 
2014-10-22-05-43 max_green  0 0 0 0 1 1 1 1  0 0 0 0 276.0 299.0 276.0 264.0  0.0 0 -0.3 25.1 98.0  Silent  n n n n n n n n  17 6 2 0 14 5 3 1 
2014-10-22-05-48 max_green  0 0 0 0 1 1 1 1  0 0 0 0 287.0 299.0 276.0 264.0  0.0 0 -0.3 25.1 98.0  Silent  n n n n n n n n  17 6 2 0 14 5 3 1 
2014-10-22-05-53 max_green  0 0 0 0 1 1 1 1  0 0 0 0 287.0 299.0 276.0 264.0  0.0 0 0.0 25.1 98.0  Silent  n n n n n n n n  17 6 2 0 14 5 3 1 
2014-10-22-05-58 max_green  0 0 0 0 1 1 1 1  0 0 0 0 287.0 299.0 276.0 264.0  0.0 0 0.0 25.1 98.0  Silent  n n n n n n n n  17 6 2 0 14 5 3 1 
2014-10-22-06-03 max_green  0 0 0 0 1 1 1 1  0 0 0 0 285.0 296.0 273.0 262.0  0.0 0 0.0 25.1 97.0  Silent  n n n n n n n n  17 6 2 0 14 5 3 1 
2014-10-22-06-08 max_green  0 0 0 0 1 1 1 1  0 0 0 0 285.0 296.0 273.0 262.0  0.0 0 0.1 25.0 97.0  Silent  n n n n n n n n  17 6 2 0 14 5 3 1 
2014-10-22-06-13 max_green  0 0 0 0 1 1 1 1  0 0 0 0 285.0 296.0 273.0 262.0  0.0 0 0.1 25.1 97.0  Silent  n n n n n n n n  17 6 2 0 14 5 3 1 
2014-10-22-06-19 max_green  0 0 0 0 1 1 1 1  0 0 0 0 296.0 296.0 273.0 262.0  0.0 0 0.1 25.1 97.0  Silent  n n n n n n n n  17 6 2 0 14 5 3 1 
2014-10-22-06-24 max_green  0 0 0 0 1 1 1 1  0 0 0 0 285.0 296.0 273.0 262.0  0.0 0 0.1 25.1 97.0  Silent  n n n n n n n n  17 6 2 0 14 5 3 1 
2014-10-22-06-29 max_green  0 0 0 0 1 1 1 1  0 0 0 0 285.0 296.0 273.0 262.0  0.0 0 0.1 25.1 97.0  Silent  n n n n n n n n  17 6 2 0 14 5 3 1 
2014-10-22-06-34 max_green  0 0 0 0 1 1 1 1  0 0 0 0 285.0 296.0 273.0 262.0  0.0 0 0.0 25.1 97.0  Silent  n n n n n n n n  17 6 2 0 14 5 3 1 
2014-10-22-06-39 max_green  0 0 0 0 1 1 1 1  0 0 0 0 285.0 296.0 273.0 262.0  0.0 0 0.1 25.1 97.0  Silent  n n n n n n n n  17 6 2 0 14 5 3 1 
2014-10-22-06-44 max_green  0 0 0 0 1 1 1 1  0 0 0 0 293.0 293.0 271.0 259.0  0.0 0 0.0 25.1 97.0  Silent  n n n n n n n n  17 6 2 0 14 5 3 1 
2014-10-22-06-49 max_green  0 0 0 0 1 1 1 1  0 0 0 0 285.0 296.0 273.0 262.0  0.0 0 -0.2 25.0 97.0  Silent  n n n n n n n n  17 6 2 0 14 5 3 1 
2014-10-22-06-54 max_green  0 0 0 0 1 1 1 1  0 0 0 0 285.0 296.0 273.0 262.0  0.0 0 0.0 25.1 97.0  Silent  n n n n n n n n  17 6 2 0 14 5 3 1 
2014-10-22-06-59 max_green  0 0 0 0 1 1 1 1  0 0 0 0 285.0 296.0 273.0 262.0  0.0 0 -0.3 25.1 97.0  Silent  n n n n n n n n  17 6 2 0 14 5 3 1 
2014-10-22-07-04 max_green  0 0 0 0 1 1 1 1  0 0 0 0 296.0 296.0 273.0 262.0  0.0 0 -0.3 25.1 97.0  Silent  n n n n n n n n  17 6 2 0 14 5 3 1 
2014-10-22-07-09 max_green  0 0 0 0 1 1 1 1  0 0 0 0 282.0 293.0 271.0 259.0  0.0 0 0.0 25.1 97.0  Silent  n n n n n n n n  17 6 2 0 14 5 3 1 
2014-10-22-07-14 max_green  0 0 0 0 1 1 1 1  0 0 0 0 282.0 305.0 271.0 259.0  0.0 0 -0.2 25.1 97.0  Silent  n n n n n n n n  17 6 2 0 14 5 3 1 
2014-10-22-07-19 max_green  0 0 0 0 1 1 1 1  0 0 0 0 285.0 296.0 273.0 262.0  0.0 0 -0.2 25.0 97.0  Silent  n n n n n n n n  17 6 2 0 14 5 3 1 
2014-10-22-07-24 max_green  0 0 0 0 1 1 1 1  0 0 0 0 282.0 293.0 271.0 259.0  0.0 0 -0.7 25.0 97.0  Silent  n n n n n n n n  17 6 2 0 14 5 3 1 
2014-10-22-07-29 max_green  0 0 0 0 1 1 1 1  0 0 0 0 285.0 296.0 273.0 262.0  0.0 0 -0.1 25.0 97.0  Silent  n n n n n n n n  17 6 2 0 14 5 3 1 
2014-10-22-07-34 max_green  0 0 0 0 1 1 1 1  0 0 0 0 296.0 296.0 273.0 262.0  0.0 0 -0.4 25.0 97.0  Silent  n n n n n n n n  17 6 2 0 14 5 3 1 
2014-10-22-07-39 max_green  0 0 0 0 1 1 1 1  0 0 0 0 285.0 307.0 273.0 262.0  0.0 0 -0.2 25.1 97.0  Silent  n n n n n n n n  17 6 2 0 14 5 3 1 
2014-10-22-07-44 max_green  0 0 0 0 1 1 1 1  0 0 0 0 285.0 296.0 273.0 262.0  0.0 0 -0.4 25.0 97.0  Silent  n n n n n n n n  17 6 2 0 14 5 3 1 
2014-10-22-07-49 max_green  0 0 0 0 1 1 1 1  0 0 0 0 285.0 296.0 273.0 262.0  0.0 0 -0.5 25.1 97.0  Silent  n n n n n n n n  17 6 2 0 14 5 3 1 
2014-10-22-07-54 max_green  0 0 0 0 1 1 1 1  0 0 0 0 285.0 296.0 273.0 262.0  25.0 2 0.5 25.1 97.0  Bulk:mppt_bulk  n n n n n n n n  17 6 2 0 14 5 3 1  []  {} 
2014-10-22-07-59 max_green  0 0 0 0 1 1 1 1  0 0 0 0 285.0 307.0 273.0 262.0  43.0 2 1.2 25.3 97.0  Bulk:mppt_bulk  n n n n n n n n  17 6 2 0 14 5 3 1  []  {} 
2014-10-22-08-04 max_green  0 0 0 0 1 1 1 1  0 0 0 0 285.0 296.0 273.0 262.0  69.0 2 2.1 25.6 97.0  Bulk:mppt_bulk  n n n n n n n n  17 6 2 0 14 5 3 1  []  {} 
2014-10-22-08-09 max_green  0 0 0 0 1 1 1 1  0 0 0 0 296.0 296.0 273.0 262.0  85.0 2 2.7 25.8 97.0  Bulk:mppt_bulk  n n n n n n n n  17 6 2 0 14 5 3 1  []  {} 
2014-10-22-08-14 max_green  0 0 0 0 1 1 1 1  0 0 0 0 285.0 296.0 273.0 262.0  98.0 2 2.4 25.9 98.0  Bulk:mppt_bulk  n n n n n n n n  17 6 2 0 14 5 3 1  []  {} 
2014-10-22-08-19 max_green  0 0 0 0 1 1 1 1  0 0 0 0 285.0 296.0 273.0 262.0  127.0 2 2.8 26.0 98.0  Bulk:mppt_bulk  n n n n n n n n  17 6 2 0 14 5 3 1  []  {} 
2014-10-22-08-24 max_green  0 0 0 0 1 1 1 1  0 0 0 0 285.0 296.0 273.0 262.0  167.0 2 2.2 26.0 98.0  Bulk:mppt_bulk  n n n n n n n n  17 6 2 0 14 5 3 1  []  {} 
2014-10-22-08-29 max_green  0 0 0 0 1 1 1 1  0 0 0 0 285.0 307.0 273.0 262.0  160.0 2 1.4 26.0 98.0  Bulk:mppt_bulk  n n n n n n n n  17 6 2 0 14 5 3 1  []  {} 
2014-10-22-08-34 max_green  0 0 0 0 1 1 1 1  0 0 0 0 285.0 296.0 273.0 262.0  189.0 2 1.8 25.9 98.0  Bulk:mppt_bulk  n n n n n n n n  17 6 2 0 14 5 3 1  []  {} 
2014-10-22-08-39 max_green  0 0 0 0 1 1 1 1  0 0 0 0 285.0 296.0 273.0 262.0  255.0 2 1.8 26.1 98.0  Bulk:mppt_bulk  n n n n n n n n  17 6 2 0 14 5 3 1  []  {} 
2014-10-22-08-44 max_green  0 0 0 0 1 1 1 1  0 0 0 0 285.0 296.0 273.0 262.0  274.0 2 1.8 26.0 98.0  Bulk:mppt_bulk  n n n n n n n n  17 6 2 0 14 5 3 1  []  {} 
2014-10-22-08-49 max_green  0 0 0 0 1 1 1 1  0 0 0 0 285.0 296.0 273.0 262.0  321.0 2 1.2 25.9 99.0  Bulk:mppt_bulk  n n n n n n n n  17 6 2 0 14 5 3 1  []  {} 
2014-10-22-08-54 max_green  0 0 0 0 1 1 1 1  0 0 0 0 285.0 307.0 273.0 262.0  362.0 2 1.7 25.8 99.0  Bulk:mppt_bulk  n n n n n n n n  17 6 2 0 14 5 3 1  []  {} 
2014-10-22-08-59 max_green  0 0 0 0 1 1 1 1  0 0 0 0 285.0 296.0 273.0 262.0  397.0 2 1.1 25.8 98.0  Bulk:mppt_bulk  n n n n n n n n  17 6 2 0 14 5 3 1  []  {} 
2014-10-22-09-04 max_green  0 0 0 0 1 1 1 1  0 0 0 0 285.0 307.0 273.0 262.0  433.0 2 0.6 25.7 98.0  Bulk:mppt_bulk  n n n n n n n n  17 6 2 0 14 5 3 1  []  {} 
2014-10-22-09-09 max_green  0 0 0 0 1 1 1 1  0 0 0 0 282.0 305.0 271.0 259.0  468.0 2 1.0 25.8 99.0  Bulk:mppt_bulk  n n n n n n n n  17 6 2 0 14 5 3 1  []  {} 
2014-10-22-09-14 max_green  0 0 0 0 1 1 1 1  0 0 0 0 285.0 296.0 273.0 262.0  505.0 2 1.5 25.9 98.0  Bulk:mppt_bulk  n n n n n n n n  17 6 2 0 14 5 3 1  []  {} 
2014-10-22-09-19 max_green  0 0 0 0 1 1 1 1  0 0 0 0 282.0 293.0 271.0 259.0  538.0 2 1.1 25.8 99.0  Bulk:mppt_bulk  n n n n n n n n  17 6 2 0 14 5 3 1  []  {} 
2014-10-22-09-24 max_green  0 0 0 0 1 1 1 1  0 0 0 0 285.0 296.0 273.0 262.0  574.0 2 1.3 25.8 98.0  Bulk:mppt_bulk  n n n n n n n n  17 6 2 0 14 5 3 1  []  {} 
2014-10-22-09-29 max_green  0 0 0 0 1 1 1 1  0 0 0 0 282.0 293.0 271.0 259.0  608.0 2 1.3 25.9 98.0  Bulk:mppt_bulk  n n n n n n n n  17 6 2 0 14 5 3 1  []  {} 
2014-10-22-09-34 max_green  0 0 0 0 1 1 1 1  0 0 0 0 282.0 293.0 271.0 259.0  639.0 2 1.5 25.9 98.0  Bulk:mppt_bulk  n n n n n n n n  17 6 2 0 14 5 3 1  []  {} 
2014-10-22-09-39 max_green  0 0 0 0 1 1 1 1  0 0 0 0 282.0 293.0 271.0 259.0  143.0 3 3.3 28.8 99.0  Absorb:solar_execess  o o n n c n n n  18 7 2 0 15 5 3 1  []  {} 
2014-10-22-09-44 max_green  1 1 0 0 0 1 1 1  280.0 158.0 0 0 0 149.0 276.0 264.0  657.0 3 3.5 28.7 98.0  Absorb:solar_execess  n n n n n c n n  18 7 2 0 15 6 3 1  [{'dest': 'compute2', 'src': 'compute3', 'vmid': 'b4e87df3-dfd9-439b-9468-8bcbf91733f0'}]  {} 
2014-10-22-09-49 max_green  1 1 0 0 0 0 1 1  278.0 290.0 0 0 0 0 278.0 266.0  730.0 2 1.5 25.7 99.0  Bulk:mppt_bulk  n n n n n n n n  18 7 2 0 15 6 3 1  []  {} 
2014-10-22-09-54 max_green  1 1 0 0 0 0 1 1  280.0 292.0 0 0 0 0 278.0 255.0  760.0 2 2.6 26.5 99.0  Bulk:mppt_bulk  n n n n n n n n  18 7 2 0 15 6 3 1  []  {} 
2014-10-22-09-59 max_green  1 1 0 0 0 0 1 1  280.0 292.0 0 0 0 0 276.0 253.0  786.0 2 3.2 27.9 99.0  Bulk:mppt_bulk  n n n n n n n n  18 7 2 0 15 6 3 1  []  {} 
2014-10-22-10-04 max_green  1 1 0 0 0 0 1 1  280.0 292.0 0 0 0 0 276.0 264.0  812.0 2 3.9 28.6 99.0  Bulk:mppt_bulk  n n n n n n n n  18 7 2 0 15 6 3 1  []  {} 
2014-10-22-10-09 max_green  1 1 0 0 0 0 1 1  278.0 302.0 0 0 0 0 276.0 264.0  797.0 3 3.6 28.7 99.0  Absorb:solar_execess  n n o n n n n n  18 7 3 0 15 6 3 1  [{'dest': 'compute2', 'src': 'compute3', 'vmid': 'b4e87df3-dfd9-439b-9468-8bcbf91733f0'}, {'dest': 'compute2', 'src': 'compute3', 'vmid': '14c93076-40bf-4cc3-a8e7-0bc45ef47d33'}, {'dest': 'compute2', 'src': 'compute3', 'vmid': 'b4e87df3-dfd9-439b-9468-8bcbf91733f0'}, {'dest': 'compute2', 'src': 'compute3', 'vmid': '14c93076-40bf-4cc3-a8e7-0bc45ef47d33'}]  {} 
2014-10-22-10-14 max_green  1 1 1 0 0 0 1 1  300.0 300.0 168.0 0 0 0 127.0 266.0  855.0 2 -0.6 25.3 100.0  Bulk:mppt_bulk  n n n n n n n n  18 7 3 0 15 6 3 1  []  {} 
2014-10-22-10-19 max_green  0 1 1 0 1 0 1 1  0 290.0 181.0 0 285.0 0 136.0 262.0  671.0 3 3.3 28.7 100.0  Absorb:solar_execess  o n n n n n n n  19 7 3 0 15 6 3 1  [{'dest': 'compute2', 'src': 'compute3', 'vmid': 'b4e87df3-dfd9-439b-9468-8bcbf91733f0'}, {'dest': 'compute2', 'src': 'compute3', 'vmid': '14c93076-40bf-4cc3-a8e7-0bc45ef47d33'}, {'dest': 'compute2', 'src': 'compute3', 'vmid': 'b4e87df3-dfd9-439b-9468-8bcbf91733f0'}, {'dest': 'compute2', 'src': 'compute3', 'vmid': '14c93076-40bf-4cc3-a8e7-0bc45ef47d33'}]  {} 
2014-10-22-10-25 max_green  1 1 1 0 1 0 1 1  168.0 288.0 180.0 0 126.0 0 138.0 253.0  858.0 3 3.3 28.7 100.0  Absorb:solar_execess  n n n n c n n n  19 7 3 0 16 6 3 1  [{'dest': 'compute2', 'src': 'compute3', 'vmid': 'b4e87df3-dfd9-439b-9468-8bcbf91733f0'}, {'dest': 'compute2', 'src': 'compute3', 'vmid': '14c93076-40bf-4cc3-a8e7-0bc45ef47d33'}, {'dest': 'compute2', 'src': 'compute3', 'vmid': 'b4e87df3-dfd9-439b-9468-8bcbf91733f0'}, {'dest': 'compute2', 'src': 'compute3', 'vmid': '14c93076-40bf-4cc3-a8e7-0bc45ef47d33'}, {'dest': 'compute2', 'src': 'compute3', 'vmid': 'b4e87df3-dfd9-439b-9468-8bcbf91733f0'}]  {} 
2014-10-22-10-30 max_green  1 1 1 0 0 0 1 1  288.0 300.0 168.0 0 0 0 127.0 255.0  920.0 2 1.6 26.2 100.0  Bulk:mppt_bulk  n n n n n n n n  19 7 3 0 16 6 3 1  []  {} 
2014-10-22-10-35 max_green  1 1 1 0 0 0 1 1  288.0 300.0 168.0 0 0 0 138.0 253.0  964.0 2 3.0 28.1 100.0  Bulk:mppt_bulk  n n n n n n n n  19 7 3 0 16 6 3 1  []  {} 
2014-10-22-10-40 max_green  1 1 1 0 0 0 1 1  288.0 288.0 168.0 0 0 0 138.0 253.0  983.0 2 4.1 26.2 100.0  Bulk:mppt_bulk  n n n n n n n n  19 7 3 0 16 6 3 1  []  {} 
2014-10-22-10-45 max_green  1 1 1 0 0 0 1 1  288.0 288.0 168.0 0 0 0 138.0 264.0  996.0 2 4.5 26.3 100.0  Bulk:mppt_bulk  n n n n n n n n  19 7 3 0 16 6 3 1  []  {} 
2014-10-22-10-50 max_green  1 1 1 0 0 0 1 1  288.0 288.0 180.0 0 0 0 126.0 264.0  972.0 3 3.3 28.7 100.0  Absorb:solar_execess  n n n n n n c n  19 7 3 0 16 6 4 1  []  {} 
2014-10-22-10-55 max_green  1 1 1 0 0 0 0 1  276.0 288.0 276.0 0 0 0 0 255.0  1033.0 2 2.5 26.0 100.0  Bulk:mppt_bulk  n n n n n n n n  19 7 3 0 16 6 4 1  []  {} 
2014-10-22-11-00 max_green  1 1 1 0 0 0 0 1  285.0 297.0 273.0 0 0 0 0 255.0  1041.0 2 2.6 26.6 100.0  Bulk:mppt_bulk  n n n n n n n n  19 7 3 0 16 6 4 1  []  {} 
2014-10-22-11-05 max_green  1 1 1 0 0 0 0 1  288.0 288.0 276.0 0 0 0 0 255.0  1065.0 2 3.0 27.8 100.0  Bulk:mppt_bulk  n n n n n n n n  19 7 3 0 16 6 4 1  []  {} 
2014-10-22-11-10 max_green  1 1 1 0 0 0 0 1  288.0 288.0 288.0 0 0 0 0 255.0  1075.0 2 3.0 28.5 100.0  Bulk:mppt_bulk  n n n n n n n n  19 7 3 0 16 6 4 1  []  {} 
2014-10-22-11-15 max_green  1 1 1 0 0 0 0 1  285.0 297.0 273.0 0 0 0 0 255.0  913.0 2 -3.3 25.6 100.0  Bulk:mppt_bulk  n n n n n n n n  19 7 3 0 16 6 4 1  []  {} 
2014-10-22-11-20 max_green  0 1 1 0 1 0 0 1  0 288.0 288.0 0 276.0 0 0 264.0  760.0 3 3.1 28.7 100.0  Absorb:solar_execess  o n n n n n n n  20 7 3 0 16 6 4 1  []  {} 
2014-10-22-11-25 max_green  1 1 1 0 1 0 0 1  168.0 300.0 288.0 0 126.0 0 0 253.0  961.0 3 3.1 28.7 100.0  Absorb:solar_execess  n n n n c n n n  20 7 3 0 17 6 4 1  []  {} 
2014-10-22-11-30 max_green  1 1 1 0 0 0 0 1  288.0 288.0 288.0 0 0 0 0 255.0  1090.0 3 3.0 28.7 100.0  Absorb:solar_execess  n n n o n n n n  20 7 3 1 17 6 4 1  []  {} 
2014-10-22-11-35 max_green  1 1 1 1 0 0 0 1  285.0 297.0 273.0 142.0 0 0 0 139.0  1134.0 2 -0.6 25.5 100.0  Bulk:mppt_bulk  n n n n n n n n  20 7 3 1 17 6 4 1  []  {} 
2014-10-22-11-40 max_green  0 1 1 1 1 0 0 1  0 290.0 278.0 145.0 287.0 0 0 138.0  935.0 3 3.1 28.6 99.0  Absorb:solar_execess  o n n n c n n n  21 7 3 1 18 6 4 1  []  {} 
2014-10-22-11-45 max_green  1 1 1 1 0 0 0 1  288.0 300.0 276.0 144.0 0 0 0 139.0  1155.0 2 0.3 25.6 100.0  Bulk:mppt_bulk  n n n n n n n n  21 7 3 1 18 6 4 1  []  {} 
2014-10-22-11-50 max_green  1 1 1 1 0 0 0 1  288.0 288.0 276.0 144.0 0 0 0 139.0  1175.0 2 1.0 25.7 100.0  Bulk:mppt_bulk  n n n n n n n n  21 7 3 1 18 6 4 1  []  {} 
2014-10-22-11-55 max_green  1 1 1 1 0 0 0 1  300.0 300.0 276.0 144.0 0 0 0 139.0  1182.0 2 1.4 26.0 100.0  Bulk:mppt_bulk  n n n n n n n n  21 7 3 1 18 6 4 1  []  {} 
2014-10-22-12-00 max_green  1 1 1 1 0 0 0 1  288.0 300.0 276.0 144.0 0 0 0 139.0  1199.0 2 1.8 26.2 100.0  Bulk:mppt_bulk  n n n n n n n n  21 7 3 1 18 6 4 1  []  {} 
2014-10-22-12-05 max_green  1 1 1 1 0 0 0 1  288.0 288.0 276.0 144.0 0 0 0 139.0  1230.0 2 2.9 26.9 99.0  Bulk:mppt_bulk  n n n n n n n n  21 7 3 1 18 6 4 1  []  {} 
2014-10-22-12-10 max_green  1 1 1 1 0 0 0 1  288.0 300.0 276.0 144.0 0 0 0 139.0  1231.0 2 2.8 27.2 100.0  Bulk:mppt_bulk  n n n n n n n n  21 7 3 1 18 6 4 1  []  {} 
2014-10-22-12-15 max_green  1 1 1 1 0 0 0 1  288.0 288.0 288.0 144.0 0 0 0 140.0  1248.0 2 2.8 28.3 100.0  Bulk:mppt_bulk  n n n n n n n n  21 7 3 1 18 6 4 1  []  {} 
2014-10-22-12-20 max_green  1 1 1 1 0 0 0 1  285.0 297.0 273.0 142.0 0 0 0 140.0  1224.0 2 2.5 27.1 100.0  Bulk:mppt_bulk  n n n n n n n n  21 7 3 1 18 6 4 1  []  {} 
2014-10-22-12-25 max_green  1 1 1 1 0 0 0 1  288.0 288.0 288.0 144.0 0 0 0 139.0  1225.0 2 2.8 28.0 99.0  Bulk:mppt_bulk  n n n n n n n n  21 7 3 1 18 6 4 1  []  {} 
2014-10-22-12-30 max_green  1 1 1 1 0 0 0 1  288.0 288.0 276.0 144.0 0 0 0 139.0  1233.0 2 3.1 28.2 100.0  Bulk:mppt_bulk  n n n n n n n n  21 7 3 1 18 6 4 1  []  {} 
2014-10-22-12-35 max_green  1 1 1 1 0 0 0 1  288.0 300.0 276.0 144.0 0 0 0 140.0  1236.0 2 3.2 26.4 99.0  Bulk:mppt_bulk  n n n n n n n n  21 7 3 1 18 6 4 1  []  {} 
2014-10-22-12-40 max_green  1 1 1 1 0 0 0 1  300.0 288.0 276.0 144.0 0 0 0 139.0  1251.0 2 4.1 26.2 100.0  Bulk:mppt_bulk  n n n n n n n n  21 7 3 1 18 6 4 1  []  {} 
2014-10-22-12-45 max_green  1 1 1 1 0 0 0 1  285.0 297.0 273.0 142.0 0 0 0 140.0  1251.0 2 4.2 26.2 99.0  Bulk:mppt_bulk  n n n n n n n n  21 7 3 1 18 6 4 1  []  {} 
2014-10-22-12-50 max_green  1 1 1 1 0 0 0 1  285.0 285.0 273.0 142.0 0 0 0 139.0  1257.0 2 4.4 26.1 99.0  Bulk:mppt_bulk  n n n n n n n n  21 7 3 1 18 6 4 1  []  {} 
2014-10-22-12-55 max_green  1 1 1 1 0 0 0 1  288.0 288.0 276.0 144.0 0 0 0 139.0  1256.0 2 4.3 26.3 99.0  Bulk:mppt_bulk  n n n n n n n n  21 7 3 1 18 6 4 1  []  {} 
2014-10-22-13-00 max_green  1 1 1 1 0 0 0 1  285.0 285.0 273.0 142.0 0 0 0 139.0  1259.0 2 4.7 26.1 99.0  Bulk:mppt_bulk  n n n n n n n n  21 7 3 1 18 6 4 1  []  {} 
2014-10-22-13-05 max_green  1 1 1 1 0 0 0 1  288.0 288.0 276.0 144.0 0 0 0 140.0  1239.0 3 3.1 28.6 99.0  Absorb:solar_execess  n n n n n n n c  21 7 3 1 18 6 4 2  []  {} 
2014-10-22-13-10 max_green  1 1 1 1 0 0 0 0  297.0 297.0 273.0 261.0 0 0 0 0  1246.0 2 -0.5 25.4 99.0  Bulk:mppt_bulk  n n n n n n n n  21 7 3 1 18 6 4 2  []  {} 
2014-10-22-13-15 max_green  0 1 1 1 1 0 0 0  0 288.0 276.0 264.0 280.0 0 0 0  1047.0 3 3.1 28.6 99.0  Absorb:solar_execess  o n n n c n n n  22 7 3 1 19 6 4 2  []  {} 
2014-10-22-13-20 max_green  1 1 1 1 0 0 0 0  285.0 297.0 273.0 261.0 0 0 0 0  1241.0 2 -1.0 25.4 100.0  Bulk:mppt_bulk  n n n n n n n n  22 7 3 1 19 6 4 2  []  {} 
2014-10-22-13-25 max_green  0 1 1 1 1 0 0 0  0 302.0 278.0 266.0 280.0 0 0 0  1044.0 3 3.0 28.6 100.0  Absorb:solar_execess  o n n n c n n n  23 7 3 1 20 6 4 2  []  {} 
2014-10-22-13-30 max_green  1 1 1 1 0 0 0 0  285.0 297.0 273.0 261.0 0 0 0 0  1231.0 2 -0.5 25.4 100.0  Bulk:mppt_bulk  n n n n n n n n  23 7 3 1 20 6 4 2  []  {} 
2014-10-22-13-35 max_green  0 1 1 1 1 0 0 0  0 302.0 278.0 266.0 278.0 0 0 0  1033.0 3 2.6 28.6 100.0  Absorb:solar_execess  o n n n c n n n  24 7 3 1 21 6 4 2  []  {} 
2014-10-22-13-40 max_green  1 1 1 1 0 0 0 0  295.0 306.0 283.0 259.0 0 0 0 0  1241.0 2 -1.1 25.3 100.0  Bulk:mppt_bulk  n n n n n n n n  24 7 3 1 21 6 4 2  []  {} 
2014-10-22-13-45 max_green  0 1 1 1 1 0 0 0  0 290.0 278.0 266.0 278.0 0 0 0  1041.0 3 2.5 28.6 100.0  Absorb:solar_execess  o n n n c n n n  25 7 3 1 22 6 4 2  []  {} 
2014-10-22-13-50 max_green  1 1 1 1 0 0 0 0  283.0 295.0 271.0 259.0 0 0 0 0  1229.0 2 -1.0 25.3 100.0  Bulk:mppt_bulk  n n n n n n n n  25 7 3 1 22 6 4 2  []  {} 
2014-10-22-13-55 max_green  0 1 1 1 1 0 0 0  0 300.0 276.0 264.0 290.0 0 0 0  1012.0 1 2.7 27.4 100.0  Floating:solar_excess  o n n n c n n n  26 7 3 1 23 6 4 2  []  {} 
2014-10-22-14-01 max_green  1 1 1 1 0 0 0 0  283.0 295.0 283.0 259.0 0 0 0 0  1219.0 1 -1.8 25.3 100.0  MPPT Float:solar_starve  n n n n n n n n  26 7 3 1 23 6 4 2  []  {} 
2014-10-22-14-06 max_green  1 1 1 1 0 0 0 0  297.0 297.0 273.0 261.0 0 0 0 0  1206.0 1 -2.2 25.1 100.0  MPPT Float:solar_starve  n n n n n n n n  26 7 3 1 23 6 4 2  []  {} 
2014-10-22-14-11 max_green  1 1 1 1 0 0 0 0  285.0 297.0 273.0 261.0 0 0 0 0  1207.0 1 -1.6 25.1 99.0  MPPT Float:solar_starve  n n n n n n n n  26 7 3 1 23 6 4 2  []  {} 
2014-10-22-14-16 max_green  1 1 1 1 0 0 0 0  283.0 295.0 271.0 259.0 0 0 0 0  1187.0 1 -2.3 25.0 98.0  MPPT Float:solar_starve  n n n n n n n n  26 7 3 1 23 6 4 2  []  {} 
2014-10-22-14-21 max_green  1 1 1 1 0 0 0 0  295.0 306.0 271.0 259.0 0 0 0 0  1162.0 1 -3.2 24.9 98.0  MPPT Float:solar_starve  n n n n n n n n  26 7 3 1 23 6 4 2  []  {} 
2014-10-22-14-26 max_green  1 1 1 1 0 0 0 0  295.0 295.0 271.0 259.0 0 0 0 0  1162.0 1 -3.7 24.9 98.0  MPPT Float:solar_starve  n n n n n n n n  26 7 3 1 23 6 4 2  []  {} 
2014-10-22-14-31 max_green  1 1 1 1 0 0 0 0  285.0 297.0 273.0 261.0 0 0 0 0  1142.0 1 -4.5 24.9 97.0  MPPT Float:solar_starve  n n n n n n n n  26 7 3 1 23 6 4 2  []  {} 
